disk_id,   hit_count,   start_times,   energy
      0,         253,            71, 36339.900000
      1,         168,            70, 34036.300000
      2,         247,            80, 40261.300000
      3,         180,            73, 36509.100000
      4,         200,            68, 35301.700000
      5,         229,            75, 39386.700000
      6,         219,            80, 40548.900000
      7,         223,            73, 35958.500000
      8,         190,            85, 40383.000000
      9,         191,            80, 37658.400000
     10,         201,            71, 35340.300000
     11,         318,            87, 47135.700000
     12,         356,            93, 51028.600000
     13,         533,            78, 56890.100000
     14,         491,            88, 57017.900000
     15,         513,            87, 56764.600000
     16,         544,            84, 58127.100000
     17,         451,            88, 56387.400000

Total start times: 1431.
Average start times per disk: 79.500000.

Total energy consumed: 795.075500 kJ.
Average energy consumed per second: 79.190787 J.

Average opened disks per second: 8.508167.
