disk_id,   hit_count,   start_times,   energy
      0,         253,            72, 31970.000000
      1,         168,            67, 26070.500000
      2,         247,            76, 35195.300000
      3,         180,            74, 28308.400000
      4,         200,            75, 29264.900000
      5,         229,            77, 34416.700000
      6,         219,            80, 35211.400000
      7,         223,            74, 31356.800000
      8,         190,            80, 32196.100000
      9,         191,            77, 28619.000000
     10,         201,            71, 28502.200000
     11,         318,            82, 42407.500000
     12,         356,            90, 47064.400000
     13,         533,            72, 55134.900000
     14,         491,            78, 53423.600000
     15,         513,            84, 55405.100000
     16,         544,            72, 55586.600000
     17,         451,            80, 53447.300000

Total start times: 1381.
Average start times per disk: 76.722222.

Total energy consumed: 703.580700 kJ.
Average energy consumed per second: 69.924538 J.

Average opened disks per second: 7.146094.
