disk_id,   hit_count,   start_times,   energy
      0,         253,            35, 50898.000000
      1,         168,            38, 43418.500000
      2,         247,            27, 54266.800000
      3,         180,            37, 44113.200000
      4,         200,            33, 44257.700000
      5,         229,            25, 53958.700000
      6,         219,            30, 54944.000000
      7,         223,            37, 51840.300000
      8,         190,            29, 50887.900000
      9,         191,            40, 46278.200000
     10,         201,            40, 48374.100000
     11,         318,            16, 59816.200000
     12,         356,            11, 61678.700000
     13,         533,             3, 63144.300000
     14,         491,             4, 62762.100000
     15,         513,             4, 62848.100000
     16,         544,             2, 62628.400000
     17,         451,             2, 62746.200000

Total start times: 413.
Average start times per disk: 22.944444.

Total energy consumed: 978.861400 kJ.
Average energy consumed per second: 96.687218 J.

Average opened disks per second: 14.392236.
