disk_id,   hit_count,   start_times,   energy
      0,         253,            39, 50205.600000
      1,         168,            35, 47097.600000
      2,         247,            33, 52648.700000
      3,         180,            36, 49019.900000
      4,         200,            33, 47118.600000
      5,         229,            36, 52853.700000
      6,         219,            37, 53762.800000
      7,         223,            41, 51086.900000
      8,         190,            37, 53547.400000
      9,         191,            38, 51193.300000
     10,         201,            44, 51067.200000
     11,         318,            32, 57742.000000
     12,         356,            27, 59744.800000
     13,         533,            18, 62749.900000
     14,         491,            14, 61738.700000
     15,         513,            16, 61728.600000
     16,         544,            13, 62170.000000
     17,         451,            18, 61733.400000

Total start times: 547.
Average start times per disk: 30.388889.

Total energy consumed: 987.209100 kJ.
Average energy consumed per second: 97.743475 J.

Average opened disks per second: 14.168911.
