disk_id,   hit_count,   start_times,   energy
      0,         253,            46, 44120.000000
      1,         168,            44, 36517.800000
      2,         247,            39, 47523.100000
      3,         180,            50, 38013.800000
      4,         200,            45, 38056.900000
      5,         229,            42, 46874.100000
      6,         219,            44, 47585.700000
      7,         223,            50, 44295.200000
      8,         190,            45, 44665.700000
      9,         191,            53, 39611.500000
     10,         201,            52, 40837.400000
     11,         318,            36, 55042.700000
     12,         356,            29, 58154.200000
     13,         533,            13, 62059.900000
     14,         491,            14, 61580.100000
     15,         513,            15, 61456.400000
     16,         544,            10, 61688.900000
     17,         451,            15, 60965.600000

Total start times: 642.
Average start times per disk: 35.666667.

Total energy consumed: 889.049000 kJ.
Average energy consumed per second: 87.954986 J.

Average opened disks per second: 12.287297.
