disk_id,   hit_count,   start_times,   energy
      0,         253,            28, 54604.600000
      1,         168,            28, 51786.300000
      2,         247,            22, 55900.900000
      3,         180,            26, 53093.300000
      4,         200,            24, 50793.200000
      5,         229,            21, 55999.200000
      6,         219,            28, 58328.000000
      7,         223,            26, 54757.000000
      8,         190,            25, 57277.700000
      9,         191,            26, 54984.600000
     10,         201,            38, 57687.300000
     11,         318,            18, 60189.800000
     12,         356,            14, 61610.800000
     13,         533,             5, 62840.800000
     14,         491,             6, 62379.300000
     15,         513,             7, 62560.600000
     16,         544,             6, 62905.900000
     17,         451,            11, 63274.500000

Total start times: 359.
Average start times per disk: 19.944444.

Total energy consumed: 1040.973800 kJ.
Average energy consumed per second: 102.761481 J.

Average opened disks per second: 15.546792.
