disk_id,   hit_count,   start_times,   energy
      0,         253,            19, 55631.800000
      1,         168,            25, 48663.900000
      2,         247,            12, 57802.700000
      3,         180,            25, 48850.000000
      4,         200,            23, 48190.800000
      5,         229,            14, 57497.600000
      6,         219,            17, 59365.900000
      7,         223,            21, 55817.700000
      8,         190,            19, 55632.300000
      9,         191,            28, 50039.000000
     10,         201,            29, 54944.700000
     11,         318,             5, 61817.900000
     12,         356,             4, 63000.200000
     13,         533,             1, 63606.400000
     14,         491,             3, 63600.100000
     15,         513,             2, 63444.400000
     16,         544,             2, 63183.500000
     17,         451,             2, 63368.400000

Total start times: 251.
Average start times per disk: 13.944444.

Total energy consumed: 1034.457300 kJ.
Average energy consumed per second: 101.636599 J.

Average opened disks per second: 15.682845.
