disk_id,   hit_count,   start_times,   energy
      0,         253,            50, 44031.500000
      1,         168,            50, 41756.100000
      2,         247,            54, 47885.100000
      3,         180,            49, 43164.500000
      4,         200,            47, 42060.000000
      5,         229,            54, 47639.500000
      6,         219,            54, 48148.300000
      7,         223,            54, 44237.200000
      8,         190,            55, 47997.700000
      9,         191,            55, 45212.800000
     10,         201,            54, 43962.100000
     11,         318,            51, 53324.600000
     12,         356,            49, 56430.700000
     13,         533,            39, 60749.600000
     14,         491,            44, 61437.900000
     15,         513,            38, 60415.300000
     16,         544,            39, 61427.000000
     17,         451,            41, 59881.000000

Total start times: 877.
Average start times per disk: 48.722222.

Total energy consumed: 909.760900 kJ.
Average energy consumed per second: 90.343684 J.

Average opened disks per second: 11.979543.
